level=0.030, t=0.203304, lambda_minus=0.030000, D_coarse=0.009052
level=0.050, t=0.264226, lambda_minus=0.050000, D_coarse=0.000148
level=0.070, t=0.314799, lambda_minus=0.070000, D_coarse=0.010843
max D_coarse before threshold: 0.012928110761649347
